00000000000000000000000000000000
00000000000000000000000000000000
00000000000000000000000000000000
00000000000000000000000000000000
00000000000000000000000000000000
00000000000000000000000000000000
00000000000000000000000000000000
00000000000000000000000000000000
00000000000000000000000000000000
00000000000000000000000000000000
00000000000000000000000000000000
10011000011110100111010001100010
00011111111010001101111011000000
00011111111010001101111011000000
10011000011110100111010001100010
00000000000000000000000000000000
01100011011101110111101110000111
11011100000010010001000100101001
11011100000010010001000100101001
01100011011101110111101110000111
00000000000000000000000000000000
00011111111010001101111011000000
10011000011110100111010001100010
01100011011101110111101110000111
11011100000010010001000100101001
00000000000000000000000000000000
00011111111010001101111011000000
10011000011110100111010001100010
01100011011101110111101110000111
11011100000010010001000100101001
00000000000000000000000000000000
00011111111010001101111011000000
01100011011101110111101110000111
01100011011101110111101110000111
00011111111010001101111011000000
00000000000000000000000000000000
11011100000010010001000100101001
10011000011110100111010001100010
10011000011110100111010001100010
11011100000010010001000100101001
00000000000000000000000000000000
10011000011110100111010001100010
11011100000010010001000100101001
00011111111010001101111011000000
01100011011101110111101110000111
00000000000000000000000000000000
10011000011110100111010001100010
11011100000010010001000100101001
00011111111010001101111011000000
01100011011101110111101110000111
00000000000000000000000000000000
00000000000000000000000000000000
00000000000000000000000000000000
00000000000000000000000000000000
00000000000000000000000000000000
00000000000000000000000000000000
00000000000000000000000000000000
00000000000000000000000000000000
00000000000000000000000000000000
00000000000000000000000000000000
00000000000000000000000000000000
01100011011101110111101110000111
00011111111010001101111011000000
11011100000010010001000100101001
10011000011110100111010001100010
00000000000000000000000000000000
01100011011101110111101110000111
00011111111010001101111011000000
11011100000010010001000100101001
10011000011110100111010001100010
00000000000000000000000000000000
11011100000010010001000100101001
10011000011110100111010001100010
10011000011110100111010001100010
11011100000010010001000100101001
00000000000000000000000000000000
00011111111010001101111011000000
01100011011101110111101110000111
01100011011101110111101110000111
00011111111010001101111011000000
00000000000000000000000000000000
11011100000010010001000100101001
01100011011101110111101110000111
10011000011110100111010001100010
00011111111010001101111011000000
00000000000000000000000000000000
11011100000010010001000100101001
01100011011101110111101110000111
10011000011110100111010001100010
00011111111010001101111011000000
00000000000000000000000000000000
01100011011101110111101110000111
11011100000010010001000100101001
11011100000010010001000100101001
01100011011101110111101110000111
00000000000000000000000000000000
10011000011110100111010001100010
00011111111010001101111011000000
00011111111010001101111011000000
10011000011110100111010001100010
