00010100001111000100010001011100
00010100001111000100010001011100
00010100001111000100010001011100
00010100001111000100010001011100
00010100001111000100010001011100
00010100001111000100010001011100
00010100001111000100010001011100
00010100001111000100010001011100
00010100001111000100010001011100
00010100001111000100010001011100
00010100001111000100010001011100
01001011011010010110111110000001
01000001010010110100110101010011
10111010101001101010001010010110
10110000100010001000000001101000
11100111101101011010101110001101
10110000100010001000000001101000
10111010101001101010001010010110
01000001010010110100110101010011
01001011011010010110111110000001
00010100001111000100010001011100
01000001010010110100110101010011
10110000100010001000000001101000
10110000100010001000000001101000
01000001010010110100110101010011
00010100001111000100010001011100
01000001010010110100110101010011
10110000100010001000000001101000
10110000100010001000000001101000
01000001010010110100110101010011
00010100001111000100010001011100
10111010101001101010001010010110
10110000100010001000000001101000
01001011011010010110111110000001
01000001010010110100110101010011
11100111101101011010101110001101
01000001010010110100110101010011
01001011011010010110111110000001
10110000100010001000000001101000
10111010101001101010001010010110
00010100001111000100010001011100
10110000100010001000000001101000
01000001010010110100110101010011
01000001010010110100110101010011
10110000100010001000000001101000
00010100001111000100010001011100
10110000100010001000000001101000
01000001010010110100110101010011
01000001010010110100110101010011
10110000100010001000000001101000
00010100001111000100010001011100
11100111101101011010101110001101
00010100001111000100010001011100
11100111101101011010101110001101
00010100001111000100010001011100
11100111101101011010101110001101
00010100001111000100010001011100
11100111101101011010101110001101
00010100001111000100010001011100
11100111101101011010101110001101
00010100001111000100010001011100
10110000100010001000000001101000
01000001010010110100110101010011
01000001010010110100110101010011
10110000100010001000000001101000
00010100001111000100010001011100
10110000100010001000000001101000
01000001010010110100110101010011
01000001010010110100110101010011
10110000100010001000000001101000
00010100001111000100010001011100
10111010101001101010001010010110
10110000100010001000000001101000
01001011011010010110111110000001
01000001010010110100110101010011
11100111101101011010101110001101
01000001010010110100110101010011
01001011011010010110111110000001
10110000100010001000000001101000
10111010101001101010001010010110
00010100001111000100010001011100
01000001010010110100110101010011
10110000100010001000000001101000
10110000100010001000000001101000
01000001010010110100110101010011
00010100001111000100010001011100
01000001010010110100110101010011
10110000100010001000000001101000
10110000100010001000000001101000
01000001010010110100110101010011
00010100001111000100010001011100
01001011011010010110111110000001
01000001010010110100110101010011
10111010101001101010001010010110
10110000100010001000000001101000
11100111101101011010101110001101
10110000100010001000000001101000
10111010101001101010001010010110
01000001010010110100110101010011
01001011011010010110111110000001
