00010100001111000100010001011100011011000111010010000100101101000
00010100001111000100010001011100011011000111010010000100101101000
00010100001111000100010001011100011011000111010010000100101101000
00010100001111000100010001011100011011000111010010000100101101000
00010100001111000100010001011100011011000111010010000100101101000
00010100001111000100010001011100011011000111010010000100101101000
00010100001111000100010001011100011011000111010010000100101101000
00010100001111000100010001011100011011000111010010000100101101000
00010100001111000100010001011100011011000111010010000100101101000
00010100001111000100010001011100011011000111010010000100101101000
00010100001111000100010001011100011011000111010010000100101101000
01001011011010010110111110000001100011011001001110011111110000110
01000001010010110100110101010011010101110101100101011101011010010
10111010101001101010001010010110100011101000101010000010011010100
10110000100010001000000001101000010110000101000001000000000100000
11100111101101011010101110001101011110010110111101011011000111110
10110000100010001000000001101000010110000101000001000000000100000
10111010101001101010001010010110100011101000101010000010011010100
01000001010010110100110101010011010101110101100101011101011010010
01001011011010010110111110000001100011011001001110011111110000110
00010100001111000100010001011100011011000111010010000100101101000
01000001010010110100110101010011010101110101100101011101011010010
10110000100010001000000001101000010110000101000001000000000100000
10110000100010001000000001101000010110000101000001000000000100000
01000001010010110100110101010011010101110101100101011101011010010
00010100001111000100010001011100011011000111010010000100101101000
01000001010010110100110101010011010101110101100101011101011010010
10110000100010001000000001101000010110000101000001000000000100000
10110000100010001000000001101000010110000101000001000000000100000
01000001010010110100110101010011010101110101100101011101011010010
00010100001111000100010001011100011011000111010010000100101101000
10111010101001101010001010010110100011101000101010000010011010100
10110000100010001000000001101000010110000101000001000000000100000
01001011011010010110111110000001100011011001001110011111110000110
01000001010010110100110101010011010101110101100101011101011010010
11100111101101011010101110001101011110010110111101011011000111110
01000001010010110100110101010011010101110101100101011101011010010
01001011011010010110111110000001100011011001001110011111110000110
10110000100010001000000001101000010110000101000001000000000100000
10111010101001101010001010010110100011101000101010000010011010100
00010100001111000100010001011100011011000111010010000100101101000
10110000100010001000000001101000010110000101000001000000000100000
01000001010010110100110101010011010101110101100101011101011010010
01000001010010110100110101010011010101110101100101011101011010010
10110000100010001000000001101000010110000101000001000000000100000
00010100001111000100010001011100011011000111010010000100101101000
10110000100010001000000001101000010110000101000001000000000100000
01000001010010110100110101010011010101110101100101011101011010010
01000001010010110100110101010011010101110101100101011101011010010
10110000100010001000000001101000010110000101000001000000000100000
00010100001111000100010001011100011011000111010010000100101101000
11100111101101011010101110001101011110010110111101011011000111110
00010100001111000100010001011100011011000111010010000100101101000
11100111101101011010101110001101011110010110111101011011000111110
00010100001111000100010001011100011011000111010010000100101101000
11100111101101011010101110001101011110010110111101011011000111110
00010100001111000100010001011100011011000111010010000100101101000
11100111101101011010101110001101011110010110111101011011000111110
00010100001111000100010001011100011011000111010010000100101101000
11100111101101011010101110001101011110010110111101011011000111110
00010100001111000100010001011100011011000111010010000100101101000
10110000100010001000000001101000010110000101000001000000000100000
01000001010010110100110101010011010101110101100101011101011010010
01000001010010110100110101010011010101110101100101011101011010010
10110000100010001000000001101000010110000101000001000000000100000
00010100001111000100010001011100011011000111010010000100101101000
10110000100010001000000001101000010110000101000001000000000100000
01000001010010110100110101010011010101110101100101011101011010010
01000001010010110100110101010011010101110101100101011101011010010
10110000100010001000000001101000010110000101000001000000000100000
00010100001111000100010001011100011011000111010010000100101101000
10111010101001101010001010010110100011101000101010000010011010100
10110000100010001000000001101000010110000101000001000000000100000
01001011011010010110111110000001100011011001001110011111110000110
01000001010010110100110101010011010101110101100101011101011010010
11100111101101011010101110001101011110010110111101011011000111110
01000001010010110100110101010011010101110101100101011101011010010
01001011011010010110111110000001100011011001001110011111110000110
10110000100010001000000001101000010110000101000001000000000100000
10111010101001101010001010010110100011101000101010000010011010100
00010100001111000100010001011100011011000111010010000100101101000
01000001010010110100110101010011010101110101100101011101011010010
10110000100010001000000001101000010110000101000001000000000100000
10110000100010001000000001101000010110000101000001000000000100000
01000001010010110100110101010011010101110101100101011101011010010
00010100001111000100010001011100011011000111010010000100101101000
01000001010010110100110101010011010101110101100101011101011010010
10110000100010001000000001101000010110000101000001000000000100000
10110000100010001000000001101000010110000101000001000000000100000
01000001010010110100110101010011010101110101100101011101011010010
00010100001111000100010001011100011011000111010010000100101101000
01001011011010010110111110000001100011011001001110011111110000110
01000001010010110100110101010011010101110101100101011101011010010
10111010101001101010001010010110100011101000101010000010011010100
10110000100010001000000001101000010110000101000001000000000100000
11100111101101011010101110001101011110010110111101011011000111110
10110000100010001000000001101000010110000101000001000000000100000
10111010101001101010001010010110100011101000101010000010011010100
01000001010010110100110101010011010101110101100101011101011010010
01001011011010010110111110000001100011011001001110011111110000110
