00000000000000000000000000000000000000000000000000000000000000000
00000000000000000000000000000000000000000000000000000000000000000
00000000000000000000000000000000000000000000000000000000000000000
00000000000000000000000000000000000000000000000000000000000000000
00000000000000000000000000000000000000000000000000000000000000000
00000000000000000000000000000000000000000000000000000000000000000
00000000000000000000000000000000000000000000000000000000000000000
00000000000000000000000000000000000000000000000000000000000000000
00000000000000000000000000000000000000000000000000000000000000000
00000000000000000000000000000000000000000000000000000000000000000
00000000000000000000000000000000000000000000000000000000000000000
10011000011110100111010001100010010101100101000001000100001000001
00011111111010001101111011000000101011001010001010001110010100101
00011111111010001101111011000000101011001010001010001110010100101
10011000011110100111010001100010010101100101000001000100001000001
00000000000000000000000000000000000000000000000000000000000000000
01100011011101110111101110000111100011111001001110011011101100111
11011100000010010001000100101001001110010100000101010001100000011
11011100000010010001000100101001001110010100000101010001100000011
01100011011101110111101110000111100011111001001110011011101100111
00000000000000000000000000000000000000000000000000000000000000000
00011111111010001101111011000000101011001010001010001110010100101
10011000011110100111010001100010010101100101000001000100001000001
01100011011101110111101110000111100011111001001110011011101100111
11011100000010010001000100101001001110010100000101010001100000011
00000000000000000000000000000000000000000000000000000000000000000
00011111111010001101111011000000101011001010001010001110010100101
10011000011110100111010001100010010101100101000001000100001000001
01100011011101110111101110000111100011111001001110011011101100111
11011100000010010001000100101001001110010100000101010001100000011
00000000000000000000000000000000000000000000000000000000000000000
00011111111010001101111011000000101011001010001010001110010100101
01100011011101110111101110000111100011111001001110011011101100111
01100011011101110111101110000111100011111001001110011011101100111
00011111111010001101111011000000101011001010001010001110010100101
00000000000000000000000000000000000000000000000000000000000000000
11011100000010010001000100101001001110010100000101010001100000011
10011000011110100111010001100010010101100101000001000100001000001
10011000011110100111010001100010010101100101000001000100001000001
11011100000010010001000100101001001110010100000101010001100000011
00000000000000000000000000000000000000000000000000000000000000000
10011000011110100111010001100010010101100101000001000100001000001
11011100000010010001000100101001001110010100000101010001100000011
00011111111010001101111011000000101011001010001010001110010100101
01100011011101110111101110000111100011111001001110011011101100111
00000000000000000000000000000000000000000000000000000000000000000
10011000011110100111010001100010010101100101000001000100001000001
11011100000010010001000100101001001110010100000101010001100000011
00011111111010001101111011000000101011001010001010001110010100101
01100011011101110111101110000111100011111001001110011011101100111
00000000000000000000000000000000000000000000000000000000000000000
00000000000000000000000000000000000000000000000000000000000000000
00000000000000000000000000000000000000000000000000000000000000000
00000000000000000000000000000000000000000000000000000000000000000
00000000000000000000000000000000000000000000000000000000000000000
00000000000000000000000000000000000000000000000000000000000000000
00000000000000000000000000000000000000000000000000000000000000000
00000000000000000000000000000000000000000000000000000000000000000
00000000000000000000000000000000000000000000000000000000000000000
00000000000000000000000000000000000000000000000000000000000000000
00000000000000000000000000000000000000000000000000000000000000000
01100011011101110111101110000111100011111001001110011011101100111
00011111111010001101111011000000101011001010001010001110010100101
11011100000010010001000100101001001110010100000101010001100000011
10011000011110100111010001100010010101100101000001000100001000001
00000000000000000000000000000000000000000000000000000000000000000
01100011011101110111101110000111100011111001001110011011101100111
00011111111010001101111011000000101011001010001010001110010100101
11011100000010010001000100101001001110010100000101010001100000011
10011000011110100111010001100010010101100101000001000100001000001
00000000000000000000000000000000000000000000000000000000000000000
11011100000010010001000100101001001110010100000101010001100000011
10011000011110100111010001100010010101100101000001000100001000001
10011000011110100111010001100010010101100101000001000100001000001
11011100000010010001000100101001001110010100000101010001100000011
00000000000000000000000000000000000000000000000000000000000000000
00011111111010001101111011000000101011001010001010001110010100101
01100011011101110111101110000111100011111001001110011011101100111
01100011011101110111101110000111100011111001001110011011101100111
00011111111010001101111011000000101011001010001010001110010100101
00000000000000000000000000000000000000000000000000000000000000000
11011100000010010001000100101001001110010100000101010001100000011
01100011011101110111101110000111100011111001001110011011101100111
10011000011110100111010001100010010101100101000001000100001000001
00011111111010001101111011000000101011001010001010001110010100101
00000000000000000000000000000000000000000000000000000000000000000
11011100000010010001000100101001001110010100000101010001100000011
01100011011101110111101110000111100011111001001110011011101100111
10011000011110100111010001100010010101100101000001000100001000001
00011111111010001101111011000000101011001010001010001110010100101
00000000000000000000000000000000000000000000000000000000000000000
01100011011101110111101110000111100011111001001110011011101100111
11011100000010010001000100101001001110010100000101010001100000011
11011100000010010001000100101001001110010100000101010001100000011
01100011011101110111101110000111100011111001001110011011101100111
00000000000000000000000000000000000000000000000000000000000000000
10011000011110100111010001100010010101100101000001000100001000001
00011111111010001101111011000000101011001010001010001110010100101
00011111111010001101111011000000101011001010001010001110010100101
10011000011110100111010001100010010101100101000001000100001000001
