0000000000000000000000000000000000000000000000000000010000000000
0000000000000000000000000000000000000000000000000000010000000000
0000000000000000000000000000000000000000000000000000010000000000
0000000000000000000000000000000000000000000000000000010000000000
0000000000000000000000000000000000000000000000000000010000000000
0000000000000000000000000000000000000000000000000000010000000000
0000000000000000000000000000000000000000000000000000010000000000
0000000000000000000000000000000000000000000000000000010000000000
0000000000000000000000000000000000000000000000000000010000000000
0000000000000000000000000000000000000000000000000000010000000000
0000000000000000000000000000000000000000000000000000010000000000
0000000000000000000000000000000000000000000000000000001100111100
0000000000000000000000000000000000000000000000000000000100111100
1111111111111111111111111111111111111111111111111111111011000100
1111111111111111111111111111111111111111111111111111110011000100
1111111111111111111111111111111111111111111111111111110000000000
1111111111111111111111111111111111111111111111111111110011000100
1111111111111111111111111111111111111111111111111111111011000100
0000000000000000000000000000000000000000000000000000000100111100
0000000000000000000000000000000000000000000000000000001100111100
0000000000000000000000000000000000000000000000000000010000000000
0000000000000000000000000000000000000000000000000000000100111100
1111111111111111111111111111111111111111111111111111110011000100
1111111111111111111111111111111111111111111111111111110011000100
0000000000000000000000000000000000000000000000000000000100111100
0000000000000000000000000000000000000000000000000000010000000000
0000000000000000000000000000000000000000000000000000000100111100
1111111111111111111111111111111111111111111111111111110011000100
1111111111111111111111111111111111111111111111111111110011000100
0000000000000000000000000000000000000000000000000000000100111100
0000000000000000000000000000000000000000000000000000010000000000
1111111111111111111111111111111111111111111111111111111011000100
1111111111111111111111111111111111111111111111111111110011000100
0000000000000000000000000000000000000000000000000000001100111100
0000000000000000000000000000000000000000000000000000000100111100
1111111111111111111111111111111111111111111111111111110000000000
0000000000000000000000000000000000000000000000000000000100111100
0000000000000000000000000000000000000000000000000000001100111100
1111111111111111111111111111111111111111111111111111110011000100
1111111111111111111111111111111111111111111111111111111011000100
0000000000000000000000000000000000000000000000000000010000000000
1111111111111111111111111111111111111111111111111111110011000100
0000000000000000000000000000000000000000000000000000000100111100
0000000000000000000000000000000000000000000000000000000100111100
1111111111111111111111111111111111111111111111111111110011000100
0000000000000000000000000000000000000000000000000000010000000000
1111111111111111111111111111111111111111111111111111110011000100
0000000000000000000000000000000000000000000000000000000100111100
0000000000000000000000000000000000000000000000000000000100111100
1111111111111111111111111111111111111111111111111111110011000100
0000000000000000000000000000000000000000000000000000010000000000
1111111111111111111111111111111111111111111111111111110000000000
0000000000000000000000000000000000000000000000000000010000000000
1111111111111111111111111111111111111111111111111111110000000000
0000000000000000000000000000000000000000000000000000010000000000
1111111111111111111111111111111111111111111111111111110000000000
0000000000000000000000000000000000000000000000000000010000000000
1111111111111111111111111111111111111111111111111111110000000000
0000000000000000000000000000000000000000000000000000010000000000
1111111111111111111111111111111111111111111111111111110000000000
0000000000000000000000000000000000000000000000000000010000000000
1111111111111111111111111111111111111111111111111111110011000100
0000000000000000000000000000000000000000000000000000000100111100
0000000000000000000000000000000000000000000000000000000100111100
1111111111111111111111111111111111111111111111111111110011000100
0000000000000000000000000000000000000000000000000000010000000000
1111111111111111111111111111111111111111111111111111110011000100
0000000000000000000000000000000000000000000000000000000100111100
0000000000000000000000000000000000000000000000000000000100111100
1111111111111111111111111111111111111111111111111111110011000100
0000000000000000000000000000000000000000000000000000010000000000
1111111111111111111111111111111111111111111111111111111011000100
1111111111111111111111111111111111111111111111111111110011000100
0000000000000000000000000000000000000000000000000000001100111100
0000000000000000000000000000000000000000000000000000000100111100
1111111111111111111111111111111111111111111111111111110000000000
0000000000000000000000000000000000000000000000000000000100111100
0000000000000000000000000000000000000000000000000000001100111100
1111111111111111111111111111111111111111111111111111110011000100
1111111111111111111111111111111111111111111111111111111011000100
0000000000000000000000000000000000000000000000000000010000000000
0000000000000000000000000000000000000000000000000000000100111100
1111111111111111111111111111111111111111111111111111110011000100
1111111111111111111111111111111111111111111111111111110011000100
0000000000000000000000000000000000000000000000000000000100111100
0000000000000000000000000000000000000000000000000000010000000000
0000000000000000000000000000000000000000000000000000000100111100
1111111111111111111111111111111111111111111111111111110011000100
1111111111111111111111111111111111111111111111111111110011000100
0000000000000000000000000000000000000000000000000000000100111100
0000000000000000000000000000000000000000000000000000010000000000
0000000000000000000000000000000000000000000000000000001100111100
0000000000000000000000000000000000000000000000000000000100111100
1111111111111111111111111111111111111111111111111111111011000100
1111111111111111111111111111111111111111111111111111110011000100
1111111111111111111111111111111111111111111111111111110000000000
1111111111111111111111111111111111111111111111111111110011000100
1111111111111111111111111111111111111111111111111111111011000100
0000000000000000000000000000000000000000000000000000000100111100
0000000000000000000000000000000000000000000000000000001100111100
