0000000000000000000000000000000000000000000000000000000000000000
0000000000000000000000000000000000000000000000000000000000000000
0000000000000000000000000000000000000000000000000000000000000000
0000000000000000000000000000000000000000000000000000000000000000
0000000000000000000000000000000000000000000000000000000000000000
0000000000000000000000000000000000000000000000000000000000000000
0000000000000000000000000000000000000000000000000000000000000000
0000000000000000000000000000000000000000000000000000000000000000
0000000000000000000000000000000000000000000000000000000000000000
0000000000000000000000000000000000000000000000000000000000000000
0000000000000000000000000000000000000000000000000000000000000000
1111111111111111111111111111111111111111111111111111110110100111
1111111111111111111111111111111111111111111111111111110000110011
1111111111111111111111111111111111111111111111111111110000110011
1111111111111111111111111111111111111111111111111111110110100111
0000000000000000000000000000000000000000000000000000000000000000
0000000000000000000000000000000000000000000000000000001001011001
0000000000000000000000000000000000000000000000000000001111001101
0000000000000000000000000000000000000000000000000000001111001101
0000000000000000000000000000000000000000000000000000001001011001
0000000000000000000000000000000000000000000000000000000000000000
1111111111111111111111111111111111111111111111111111110000110011
1111111111111111111111111111111111111111111111111111110110100111
0000000000000000000000000000000000000000000000000000001001011001
0000000000000000000000000000000000000000000000000000001111001101
0000000000000000000000000000000000000000000000000000000000000000
1111111111111111111111111111111111111111111111111111110000110011
1111111111111111111111111111111111111111111111111111110110100111
0000000000000000000000000000000000000000000000000000001001011001
0000000000000000000000000000000000000000000000000000001111001101
0000000000000000000000000000000000000000000000000000000000000000
1111111111111111111111111111111111111111111111111111110000110011
0000000000000000000000000000000000000000000000000000001001011001
0000000000000000000000000000000000000000000000000000001001011001
1111111111111111111111111111111111111111111111111111110000110011
0000000000000000000000000000000000000000000000000000000000000000
0000000000000000000000000000000000000000000000000000001111001101
1111111111111111111111111111111111111111111111111111110110100111
1111111111111111111111111111111111111111111111111111110110100111
0000000000000000000000000000000000000000000000000000001111001101
0000000000000000000000000000000000000000000000000000000000000000
1111111111111111111111111111111111111111111111111111110110100111
0000000000000000000000000000000000000000000000000000001111001101
1111111111111111111111111111111111111111111111111111110000110011
0000000000000000000000000000000000000000000000000000001001011001
0000000000000000000000000000000000000000000000000000000000000000
1111111111111111111111111111111111111111111111111111110110100111
0000000000000000000000000000000000000000000000000000001111001101
1111111111111111111111111111111111111111111111111111110000110011
0000000000000000000000000000000000000000000000000000001001011001
0000000000000000000000000000000000000000000000000000000000000000
0000000000000000000000000000000000000000000000000000000000000000
0000000000000000000000000000000000000000000000000000000000000000
0000000000000000000000000000000000000000000000000000000000000000
0000000000000000000000000000000000000000000000000000000000000000
0000000000000000000000000000000000000000000000000000000000000000
0000000000000000000000000000000000000000000000000000000000000000
0000000000000000000000000000000000000000000000000000000000000000
0000000000000000000000000000000000000000000000000000000000000000
0000000000000000000000000000000000000000000000000000000000000000
0000000000000000000000000000000000000000000000000000000000000000
0000000000000000000000000000000000000000000000000000001001011001
1111111111111111111111111111111111111111111111111111110000110011
0000000000000000000000000000000000000000000000000000001111001101
1111111111111111111111111111111111111111111111111111110110100111
0000000000000000000000000000000000000000000000000000000000000000
0000000000000000000000000000000000000000000000000000001001011001
1111111111111111111111111111111111111111111111111111110000110011
0000000000000000000000000000000000000000000000000000001111001101
1111111111111111111111111111111111111111111111111111110110100111
0000000000000000000000000000000000000000000000000000000000000000
0000000000000000000000000000000000000000000000000000001111001101
1111111111111111111111111111111111111111111111111111110110100111
1111111111111111111111111111111111111111111111111111110110100111
0000000000000000000000000000000000000000000000000000001111001101
0000000000000000000000000000000000000000000000000000000000000000
1111111111111111111111111111111111111111111111111111110000110011
0000000000000000000000000000000000000000000000000000001001011001
0000000000000000000000000000000000000000000000000000001001011001
1111111111111111111111111111111111111111111111111111110000110011
0000000000000000000000000000000000000000000000000000000000000000
0000000000000000000000000000000000000000000000000000001111001101
0000000000000000000000000000000000000000000000000000001001011001
1111111111111111111111111111111111111111111111111111110110100111
1111111111111111111111111111111111111111111111111111110000110011
0000000000000000000000000000000000000000000000000000000000000000
0000000000000000000000000000000000000000000000000000001111001101
0000000000000000000000000000000000000000000000000000001001011001
1111111111111111111111111111111111111111111111111111110110100111
1111111111111111111111111111111111111111111111111111110000110011
0000000000000000000000000000000000000000000000000000000000000000
0000000000000000000000000000000000000000000000000000001001011001
0000000000000000000000000000000000000000000000000000001111001101
0000000000000000000000000000000000000000000000000000001111001101
0000000000000000000000000000000000000000000000000000001001011001
0000000000000000000000000000000000000000000000000000000000000000
1111111111111111111111111111111111111111111111111111110110100111
1111111111111111111111111111111111111111111111111111110000110011
1111111111111111111111111111111111111111111111111111110000110011
1111111111111111111111111111111111111111111111111111110110100111
